0000000000000000000000000000000000000000 | 0 | 5000000000 | 5000000000
0000000000000000000000000000000000000000 | 0 | 5000000000 | 10000000000
0000000000000000000000000000000000000000 | 1 | 5000000000 | 15000000000
0000000000000000000000000000000000000000 | 2 | 5000000000 | 20000000000
0000000000000000000000000000000000000000 | 3 | 5000000000 | 25000000000
0000000000000000000000000000000000000000 | 4 | 5000000000 | 30000000000
0000000000000000000000000000000000000000 | 5 | 5000000000 | 35000000000
0000000000000000000000000000000000000000 | 6 | 5000000000 | 40000000000
0000000000000000000000000000000000000000 | 7 | 5000000000 | 45000000000
0000000000000000000000000000000000000000 | 8 | 5000000000 | 50000000000
0000000000000000000000000000000000000000 | 9 | 5000000000 | 55000000000
0000000000000000000000000000000000000000 | 10 | 5000000000 | 60000000000
0000000000000000000000000000000000000000 | 11 | 5000000000 | 65000000000
0000000000000000000000000000000000000000 | 12 | 5000000000 | 70000000000
0000000000000000000000000000000000000000 | 13 | 5000000000 | 75000000000
0000000000000000000000000000000000000000 | 14 | 5000000000 | 80000000000
0000000000000000000000000000000000000000 | 15 | 5000000000 | 85000000000
0000000000000000000000000000000000000000 | 16 | 5000000000 | 90000000000
0000000000000000000000000000000000000000 | 17 | 5000000000 | 95000000000
0000000000000000000000000000000000000000 | 18 | 5000000000 | 100000000000
0000000000000000000000000000000000000000 | 19 | 5000000000 | 105000000000
0000000000000000000000000000000000000000 | 20 | 5000000000 | 110000000000
0000000000000000000000000000000000000000 | 21 | 5000000000 | 115000000000
0000000000000000000000000000000000000000 | 22 | 5000000000 | 120000000000
0000000000000000000000000000000000000000 | 23 | 5000000000 | 125000000000
0000000000000000000000000000000000000000 | 24 | 5000000000 | 130000000000
0000000000000000000000000000000000000000 | 25 | 5000000000 | 135000000000
0000000000000000000000000000000000000000 | 26 | 5000000000 | 140000000000
0000000000000000000000000000000000000000 | 27 | 5000000000 | 145000000000
0000000000000000000000000000000000000000 | 28 | 5000000000 | 150000000000
0000000000000000000000000000000000000000 | 29 | 5000000000 | 155000000000
0000000000000000000000000000000000000000 | 30 | 5000000000 | 160000000000
0000000000000000000000000000000000000000 | 31 | 5000000000 | 165000000000
0000000000000000000000000000000000000000 | 32 | 5000000000 | 170000000000
0000000000000000000000000000000000000000 | 33 | 5000000000 | 175000000000
0000000000000000000000000000000000000000 | 34 | 5000000000 | 180000000000
0000000000000000000000000000000000000000 | 35 | 5000000000 | 185000000000
0000000000000000000000000000000000000000 | 36 | 5000000000 | 190000000000
0000000000000000000000000000000000000000 | 37 | 5000000000 | 195000000000
0000000000000000000000000000000000000000 | 38 | 5000000000 | 200000000000
0000000000000000000000000000000000000000 | 39 | 5000000000 | 205000000000
0000000000000000000000000000000000000000 | 40 | 5000000000 | 210000000000
0000000000000000000000000000000000000000 | 41 | 5000000000 | 215000000000
0000000000000000000000000000000000000000 | 42 | 5000000000 | 220000000000
0000000000000000000000000000000000000000 | 43 | 5000000000 | 225000000000
0000000000000000000000000000000000000000 | 44 | 5000000000 | 230000000000
0000000000000000000000000000000000000000 | 45 | 5000000000 | 235000000000
0000000000000000000000000000000000000000 | 46 | 5000000000 | 240000000000
0000000000000000000000000000000000000000 | 47 | 5000000000 | 245000000000
0000000000000000000000000000000000000000 | 48 | 5000000000 | 250000000000
0000000000000000000000000000000000000000 | 49 | 5000000000 | 255000000000
0000000000000000000000000000000000000000 | 50 | 5000000000 | 260000000000
0000000000000000000000000000000000000000 | 51 | 5000000000 | 265000000000
0000000000000000000000000000000000000000 | 52 | 5000000000 | 270000000000
0000000000000000000000000000000000000000 | 53 | 5000000000 | 275000000000
0000000000000000000000000000000000000000 | 54 | 5000000000 | 280000000000
0000000000000000000000000000000000000000 | 55 | 5000000000 | 285000000000
0000000000000000000000000000000000000000 | 56 | 5000000000 | 290000000000
0000000000000000000000000000000000000000 | 57 | 5000000000 | 295000000000
0000000000000000000000000000000000000000 | 58 | 5000000000 | 300000000000
0000000000000000000000000000000000000000 | 59 | 5000000000 | 305000000000
0000000000000000000000000000000000000000 | 60 | 5000000000 | 310000000000
0000000000000000000000000000000000000000 | 61 | 5000000000 | 315000000000
0000000000000000000000000000000000000000 | 62 | 5000000000 | 320000000000
0000000000000000000000000000000000000000 | 63 | 5000000000 | 325000000000
0000000000000000000000000000000000000000 | 64 | 5000000000 | 330000000000
0000000000000000000000000000000000000000 | 65 | 5000000000 | 335000000000
0000000000000000000000000000000000000000 | 66 | 5000000000 | 340000000000
0000000000000000000000000000000000000000 | 67 | 5000000000 | 345000000000
0000000000000000000000000000000000000000 | 68 | 5000000000 | 350000000000
0000000000000000000000000000000000000000 | 69 | 5000000000 | 355000000000
0000000000000000000000000000000000000000 | 70 | 5000000000 | 360000000000
0000000000000000000000000000000000000000 | 71 | 5000000000 | 365000000000
0000000000000000000000000000000000000000 | 72 | 5000000000 | 370000000000
0000000000000000000000000000000000000000 | 73 | 5000000000 | 375000000000
0000000000000000000000000000000000000000 | 74 | 5000000000 | 380000000000
0000000000000000000000000000000000000000 | 75 | 5000000000 | 385000000000
0000000000000000000000000000000000000000 | 76 | 5000000000 | 390000000000
0000000000000000000000000000000000000000 | 77 | 5000000000 | 395000000000
0000000000000000000000000000000000000000 | 78 | 5000000000 | 400000000000
0000000000000000000000000000000000000000 | 79 | 5000000000 | 405000000000
0000000000000000000000000000000000000000 | 80 | 5000000000 | 410000000000
0000000000000000000000000000000000000000 | 81 | 5000000000 | 415000000000
0000000000000000000000000000000000000000 | 82 | 5000000000 | 420000000000
0000000000000000000000000000000000000000 | 83 | 5000000000 | 425000000000
0000000000000000000000000000000000000000 | 84 | 5000000000 | 430000000000
0000000000000000000000000000000000000000 | 85 | 5000000000 | 435000000000
0000000000000000000000000000000000000000 | 86 | 5000000000 | 440000000000
0000000000000000000000000000000000000000 | 87 | 5000000000 | 445000000000
0000000000000000000000000000000000000000 | 88 | 5000000000 | 450000000000
0000000000000000000000000000000000000000 | 89 | 5000000000 | 455000000000
0000000000000000000000000000000000000000 | 90 | 5000000000 | 460000000000
0000000000000000000000000000000000000000 | 91 | 5000000000 | 465000000000
0000000000000000000000000000000000000000 | 92 | 5000000000 | 470000000000
0000000000000000000000000000000000000000 | 93 | 5000000000 | 475000000000
0000000000000000000000000000000000000000 | 94 | 5000000000 | 480000000000
0000000000000000000000000000000000000000 | 95 | 5000000000 | 485000000000
0000000000000000000000000000000000000000 | 96 | 5000000000 | 490000000000
0000000000000000000000000000000000000000 | 97 | 5000000000 | 495000000000
0000000000000000000000000000000000000000 | 98 | 5000000000 | 500000000000
0000000000000000000000000000000000000000 | 99 | 5000000000 | 505000000000
0000000000000000000000000000000000000000 | 100 | 5000000000 | 510000000000
0000000000000000000000000000000000000000 | 101 | 5000000000 | 515000000000
0000000000000000000000000000000000000000 | 102 | 5000000000 | 520000000000
0000000000000000000000000000000000000000 | 103 | 5000000000 | 525000000000
0000000000000000000000000000000000000000 | 104 | 5000000000 | 530000000000
0000000000000000000000000000000000000000 | 105 | 5000000000 | 535000000000
0000000000000000000000000000000000000000 | 106 | 5000000000 | 540000000000
0000000000000000000000000000000000000000 | 107 | 5000000000 | 545000000000
0000000000000000000000000000000000000000 | 108 | 5000000000 | 550000000000
0000000000000000000000000000000000000000 | 109 | 5000000000 | 555000000000
0000000000000000000000000000000000000000 | 110 | 5000000000 | 560000000000
0000000000000000000000000000000000000000 | 111 | 5000000000 | 565000000000
0000000000000000000000000000000000000000 | 112 | 5000000000 | 570000000000
0000000000000000000000000000000000000000 | 113 | 5000000000 | 575000000000
0000000000000000000000000000000000000000 | 114 | 5000000000 | 580000000000
0000000000000000000000000000000000000000 | 115 | 5000000000 | 585000000000
0000000000000000000000000000000000000000 | 116 | 5000000000 | 590000000000
0000000000000000000000000000000000000000 | 117 | 5000000000 | 595000000000
0000000000000000000000000000000000000000 | 118 | 5000000000 | 600000000000
0000000000000000000000000000000000000000 | 119 | 5000000000 | 605000000000
0000000000000000000000000000000000000000 | 120 | 5000000000 | 610000000000
0000000000000000000000000000000000000000 | 121 | 5000000000 | 615000000000
0000000000000000000000000000000000000000 | 122 | 5000000000 | 620000000000
0000000000000000000000000000000000000000 | 123 | 5000000000 | 625000000000
0000000000000000000000000000000000000000 | 124 | 5000000000 | 630000000000
0000000000000000000000000000000000000000 | 125 | 5000000000 | 635000000000
0000000000000000000000000000000000000000 | 126 | 5000000000 | 640000000000
0000000000000000000000000000000000000000 | 127 | 5000000000 | 645000000000
0000000000000000000000000000000000000000 | 128 | 5000000000 | 650000000000
0000000000000000000000000000000000000000 | 129 | 5000000000 | 655000000000
0000000000000000000000000000000000000000 | 130 | 5000000000 | 660000000000
0000000000000000000000000000000000000000 | 131 | 5000000000 | 665000000000
0000000000000000000000000000000000000000 | 132 | 5000000000 | 670000000000
0000000000000000000000000000000000000000 | 133 | 5000000000 | 675000000000
0000000000000000000000000000000000000000 | 134 | 5000000000 | 680000000000
0000000000000000000000000000000000000000 | 135 | 5000000000 | 685000000000
0000000000000000000000000000000000000000 | 136 | 5000000000 | 690000000000
0000000000000000000000000000000000000000 | 137 | 5000000000 | 695000000000
0000000000000000000000000000000000000000 | 138 | 5000000000 | 700000000000
0000000000000000000000000000000000000000 | 139 | 5000000000 | 705000000000
0000000000000000000000000000000000000000 | 140 | 5000000000 | 710000000000
0000000000000000000000000000000000000000 | 141 | 5000000000 | 715000000000
0000000000000000000000000000000000000000 | 142 | 5000000000 | 720000000000
0000000000000000000000000000000000000000 | 143 | 5000000000 | 725000000000
0000000000000000000000000000000000000000 | 144 | 5000000000 | 730000000000
0000000000000000000000000000000000000000 | 145 | 5000000000 | 735000000000
0000000000000000000000000000000000000000 | 146 | 5000000000 | 740000000000
0000000000000000000000000000000000000000 | 147 | 5000000000 | 745000000000
0000000000000000000000000000000000000000 | 148 | 5000000000 | 750000000000
0000000000000000000000000000000000000000 | 149 | 5000000000 | 755000000000
0000000000000000000000000000000000000000 | 150 | 5000000000 | 760000000000
0000000000000000000000000000000000000000 | 151 | 5000000000 | 765000000000
0000000000000000000000000000000000000000 | 152 | 5000000000 | 770000000000
0000000000000000000000000000000000000000 | 153 | 5000000000 | 775000000000
0000000000000000000000000000000000000000 | 154 | 5000000000 | 780000000000
0000000000000000000000000000000000000000 | 155 | 5000000000 | 785000000000
0000000000000000000000000000000000000000 | 156 | 5000000000 | 790000000000
0000000000000000000000000000000000000000 | 157 | 5000000000 | 795000000000
0000000000000000000000000000000000000000 | 158 | 5000000000 | 800000000000
0000000000000000000000000000000000000000 | 159 | 5000000000 | 805000000000
0000000000000000000000000000000000000000 | 160 | 5000000000 | 810000000000
0000000000000000000000000000000000000000 | 161 | 5000000000 | 815000000000
0000000000000000000000000000000000000000 | 162 | 5000000000 | 820000000000
0000000000000000000000000000000000000000 | 163 | 5000000000 | 825000000000
0000000000000000000000000000000000000000 | 164 | 5000000000 | 830000000000
0000000000000000000000000000000000000000 | 165 | 5000000000 | 835000000000
0000000000000000000000000000000000000000 | 166 | 5000000000 | 840000000000
0000000000000000000000000000000000000000 | 167 | 5000000000 | 845000000000
0000000000000000000000000000000000000000 | 168 | 5000000000 | 850000000000
0000000000000000000000000000000000000000 | 169 | 5000000000 | 855000000000
0000000000000000000000000000000000000000 | 170 | 5000000000 | 860000000000
0000000000000000000000000000000000000000 | 171 | 5000000000 | 865000000000
0000000000000000000000000000000000000000 | 172 | 5000000000 | 870000000000
0000000000000000000000000000000000000000 | 173 | 5000000000 | 875000000000
0000000000000000000000000000000000000000 | 174 | 5000000000 | 880000000000
0000000000000000000000000000000000000000 | 175 | 5000000000 | 885000000000
0000000000000000000000000000000000000000 | 176 | 5000000000 | 890000000000
0000000000000000000000000000000000000000 | 177 | 5000000000 | 895000000000
0000000000000000000000000000000000000000 | 178 | 5000000000 | 900000000000
0000000000000000000000000000000000000000 | 179 | 5000000000 | 905000000000
0000000000000000000000000000000000000000 | 180 | 5000000000 | 910000000000
0000000000000000000000000000000000000000 | 181 | 5000000000 | 915000000000
0000000000000000000000000000000000000000 | 182 | 5000000000 | 920000000000
0000000000000000000000000000000000000000 | 183 | 5000000000 | 925000000000
0000000000000000000000000000000000000000 | 184 | 5000000000 | 930000000000
0000000000000000000000000000000000000000 | 185 | 5000000000 | 935000000000
0000000000000000000000000000000000000000 | 186 | 5000000000 | 940000000000
0000000000000000000000000000000000000000 | 187 | 5000000000 | 945000000000
0000000000000000000000000000000000000000 | 188 | 5000000000 | 950000000000
0000000000000000000000000000000000000000 | 189 | 5000000000 | 955000000000
0000000000000000000000000000000000000000 | 190 | 5000000000 | 960000000000
0000000000000000000000000000000000000000 | 191 | 5000000000 | 965000000000
0000000000000000000000000000000000000000 | 192 | 5000000000 | 970000000000
0000000000000000000000000000000000000000 | 193 | 5000000000 | 975000000000
0000000000000000000000000000000000000000 | 194 | 5000000000 | 980000000000
0000000000000000000000000000000000000000 | 195 | 5000000000 | 985000000000
0000000000000000000000000000000000000000 | 196 | 5000000000 | 990000000000
0000000000000000000000000000000000000000 | 197 | 5000000000 | 995000000000
0000000000000000000000000000000000000000 | 198 | 5000000000 | 1000000000000
0000000000000000000000000000000000000000 | 199 | 5000000000 | 1005000000000
0000000000000000000000000000000000000000 | 200 | 5000000000 | 1010000000000
0000000000000000000000000000000000000000 | 201 | 5000000000 | 1015000000000
0000000000000000000000000000000000000000 | 202 | 5000000000 | 1020000000000
0000000000000000000000000000000000000000 | 203 | 5000000000 | 1025000000000
0000000000000000000000000000000000000000 | 204 | 5000000000 | 1030000000000
0000000000000000000000000000000000000000 | 205 | 5000000000 | 1035000000000
0000000000000000000000000000000000000000 | 206 | 5000000000 | 1040000000000
0000000000000000000000000000000000000000 | 207 | 5000000000 | 1045000000000
0000000000000000000000000000000000000000 | 208 | 5000000000 | 1050000000000
0000000000000000000000000000000000000000 | 209 | 5000000000 | 1055000000000
0000000000000000000000000000000000000000 | 210 | 5000000000 | 1060000000000
0000000000000000000000000000000000000000 | 211 | 5000000000 | 1065000000000
0000000000000000000000000000000000000000 | 212 | 5000000000 | 1070000000000
0000000000000000000000000000000000000000 | 213 | 5000000000 | 1075000000000
0000000000000000000000000000000000000000 | 214 | 5000000000 | 1080000000000
0000000000000000000000000000000000000000 | 215 | 5000000000 | 1085000000000
0000000000000000000000000000000000000000 | 216 | 5000000000 | 1090000000000
0000000000000000000000000000000000000000 | 217 | 5000000000 | 1095000000000
0000000000000000000000000000000000000000 | 218 | 5000000000 | 1100000000000
0000000000000000000000000000000000000000 | 219 | 5000000000 | 1105000000000
0000000000000000000000000000000000000000 | 220 | 5000000000 | 1110000000000
0000000000000000000000000000000000000000 | 221 | 5000000000 | 1115000000000
0000000000000000000000000000000000000000 | 222 | 5000000000 | 1120000000000
0000000000000000000000000000000000000000 | 223 | 5000000000 | 1125000000000
0000000000000000000000000000000000000000 | 224 | 5000000000 | 1130000000000
0000000000000000000000000000000000000000 | 225 | 5000000000 | 1135000000000
0000000000000000000000000000000000000000 | 226 | 5000000000 | 1140000000000
0000000000000000000000000000000000000000 | 227 | 5000000000 | 1145000000000
0000000000000000000000000000000000000000 | 228 | 5000000000 | 1150000000000
0000000000000000000000000000000000000000 | 229 | 5000000000 | 1155000000000
0000000000000000000000000000000000000000 | 230 | 5000000000 | 1160000000000
0000000000000000000000000000000000000000 | 231 | 5000000000 | 1165000000000
0000000000000000000000000000000000000000 | 232 | 5000000000 | 1170000000000
0000000000000000000000000000000000000000 | 233 | 5000000000 | 1175000000000
0000000000000000000000000000000000000000 | 234 | 5000000000 | 1180000000000
0000000000000000000000000000000000000000 | 235 | 5000000000 | 1185000000000
0000000000000000000000000000000000000000 | 236 | 5000000000 | 1190000000000
0000000000000000000000000000000000000000 | 237 | 5000000000 | 1195000000000
0000000000000000000000000000000000000000 | 238 | 5000000000 | 1200000000000
0000000000000000000000000000000000000000 | 239 | 5000000000 | 1205000000000
0000000000000000000000000000000000000000 | 240 | 5000000000 | 1210000000000
0000000000000000000000000000000000000000 | 241 | 5000000000 | 1215000000000
0000000000000000000000000000000000000000 | 242 | 5000000000 | 1220000000000
0000000000000000000000000000000000000000 | 243 | 5000000000 | 1225000000000
0000000000000000000000000000000000000000 | 244 | 5000000000 | 1230000000000
0000000000000000000000000000000000000000 | 245 | 5000000000 | 1235000000000
0000000000000000000000000000000000000000 | 246 | 5000000000 | 1240000000000
0000000000000000000000000000000000000000 | 247 | 5000000000 | 1245000000000
0000000000000000000000000000000000000000 | 248 | 5000000000 | 1250000000000
0000000000000000000000000000000000000000 | 249 | 5000000000 | 1255000000000
0000000000000000000000000000000000000000 | 250 | 5000000000 | 1260000000000
0000000000000000000000000000000000000000 | 251 | 5000000000 | 1265000000000
0000000000000000000000000000000000000000 | 252 | 5000000000 | 1270000000000
0000000000000000000000000000000000000000 | 253 | 5000000000 | 1275000000000
0000000000000000000000000000000000000000 | 254 | 5000000000 | 1280000000000
0000000000000000000000000000000000000000 | 255 | 5000000000 | 1285000000000
0000000000000000000000000000000000000000 | 256 | 5000000000 | 1290000000000
0000000000000000000000000000000000000000 | 257 | 5000000000 | 1295000000000
0000000000000000000000000000000000000000 | 258 | 5000000000 | 1300000000000
0000000000000000000000000000000000000000 | 259 | 5000000000 | 1305000000000
0000000000000000000000000000000000000000 | 260 | 5000000000 | 1310000000000
0000000000000000000000000000000000000000 | 261 | 5000000000 | 1315000000000
0000000000000000000000000000000000000000 | 262 | 5000000000 | 1320000000000
